22
3828 2451 1588 3013 2661 4087 6963 1833 2140 8413 9748 4104 3024 1482 735 750 4993 4723 1134 4316 4453 7609 
7512 7644 8996 3814 1228 3926 4985 1100 7487 5166 3551 5427 8179 2565 9514 5142 750 8006 9907 498 2111 9283 
8332 2846 6385 9677 3921 7520 345 4727 5129 4210 8723 477 4376 9951 756 5714 1051 8243 880 955 3670 9059 
3520 9537 553 622 3895 460 7473 6006 9743 5805 5205 2481 1835 5478 1 2180 205 1482 2742 8928 8312 7119 
8879 9068 2833 6283 3663 3713 7238 3685 9124 758 3222 9677 1380 3470 6489 8853 9476 2584 1011 1033 5065 9198 
6512 1418 7730 6717 2901 473 1998 7565 7592 877 6633 6777 3512 6648 6842 750 333 5966 7860 9908 1995 5593 
3378 8484 798 9206 7420 1809 240 2486 7359 3104 3904 5090 6173 3157 5563 8171 722 9507 5401 3707 6284 8913 
355 3126 9664 7041 5444 7524 6949 7439 9469 6679 2275 268 5885 9695 8429 2477 8533 5789 5581 2438 7231 1755 
1947 2794 9926 9022 8653 5327 2729 1289 593 9437 767 257 6478 6211 4133 9779 2 3603 6458 2277 223 8695 
8324 8652 1173 6858 793 6754 5648 8024 8509 7595 818 4788 6617 5823 6467 5699 7112 7060 1488 7879 3669 4318 
442 7803 4097 444 7758 6907 9073 4333 5602 7398 2985 6775 608 3779 9882 6256 1803 4743 203 8974 9531 3173 
1149 5999 8872 8262 9411 6712 2493 3081 1030 9288 7236 1479 6084 1346 8386 5158 5679 3988 8908 8664 7116 9516 
8795 6998 2124 6951 1741 2327 2277 7625 5500 3426 9976 724 8040 9387 7436 6886 8820 8466 6174 6056 9945 2258 
7402 4683 3768 3081 5024 2676 8098 2140 8544 3245 5490 668 196 7231 9348 8825 1208 4848 2252 1184 5573 6644 
6924 3009 3530 5744 7828 9704 1801 4125 8315 5555 5161 2083 8637 185 1112 3087 8677 9656 6332 4167 6677 2881 
7750 2377 8058 5311 7225 6662 6495 9150 3307 3419 8512 6837 9164 2692 6542 7317 6817 1209 2872 1978 3292 7861 
8515 4404 948 7192 413 3633 7711 3442 2866 1814 5819 924 7125 9396 7587 9972 8547 894 3392 3411 4083 8908 
6103 6977 6225 2920 8186 9097 1251 1479 6959 6118 2235 7907 9663 9000 7892 3726 2442 7110 5540 4613 8035 9017 
4010 1974 8990 8909 9220 2382 2320 3303 1290 8423 6633 7515 7695 4819 2964 8946 6298 9923 1417 4886 4183 1080 
3886 8427 4806 6329 5538 6699 7294 9925 5716 1304 1899 4706 213 7471 3440 8885 7126 1082 7308 3759 4949 5004 
8579 7914 302 1229 4189 1719 6115 8372 9151 2 6800 310 2683 2338 7009 9977 2263 9077 7634 514 136 4199 
7985 3576 3085 5111 1011 393 5223 5960 5397 3802 226 2052 5031 4416 3771 7499 2788 9275 3853 5940 9585 6536 
